11
08;06
01111100
01000100
01000100
01000100
01000100
01111100
08;06
00110000
01010000
00010000
00010000
00010000
01111100
08;06
01111100
00001100
00011100
01100000
01100000
01111100
08;06
01111000
00000100
01111100
01111100
00000100
01111000
08;06
01000100
01000100
01000100
01111100
00000100
00000100
08;06
01111100
01000000
01111000
00000100
00000100
01111000
08;06
00111100
01100000
01000000
01111000
01000100
01111100
08;06
01111100
01000100
00001100
00010000
00100000
01100000
08;06
01111100
01000100
01111100
01111100
01000100
01111100
08;06
01111100
01000100
01111100
00000100
00000100
00000100
02;06
00
11
11
00
11
11